-6.431456	1.707481	-1.636837
-2.900815	-2.608039	2.304806
-3.084266	-2.7988	2.23643
-4.088487	-3.528421	2.433011
-4.574467	-3.333792	2.883549
-2.888589	-2.228395	3.907615
-6.514179	-2.197191	3.36706
-6.170715	-2.985478	2.254617
-5.631552	-0.40928	-0.449588
-7.31574	2.452596	0.688369
-5.764734	3.286261	-0.616452
-7.41363	0.900924	2.495155
-7.730681	1.253	-0.420703
-7.430718	-0.718833	0.694043
-5.389464	1.980468	-1.736791
-4.622499	0.090102	-0.667771
-5.192904	-3.237013	1.243716
-6.096625	3.344489	0.131425
-7.261872	1.492306	-1.101532
-6.498163	-0.667882	0.060352
-3.828808	-2.130454	4.264983
-2.606858	-2.168769	3.126579
-2.762624	-2.045488	4.048673
-3.817223	-1.631503	4.752431
-1.788427	-2.034437	3.904711
-2.523214	-2.043368	4.496327
-3.343464	-1.805959	4.958617
-3.317513	-1.040894	4.900172
-2.011096	-1.466655	4.15732
-1.96261	-1.245161	3.434173
-3.689448	-0.744738	4.472806
-2.424721	-0.679786	3.81919
-4.973547	-2.483322	4.440375
-6.226912	-1.150314	4.425484
-2.488513	-0.693512	4.30966
-7.002516	-1.914424	1.435153
-3.870324	-0.872202	-0.047205
-5.994277	-1.9975	0.648403
-7.060722	-0.099971	3.45184
-6.06555	0.687471	-1.08245
-7.429388	1.792602	1.569553
-7.600424	0.414548	0.080952
-5.085412	1.01501	-1.298117
-6.868713	0.36969	-0.49956
-3.074984	-1.667001	0.433625
-2.444093	-1.885023	2.956205
-2.692093	-1.846182	1.110092
-5.678145	-0.170382	4.591999
-4.387074	-0.50237	4.530813
-3.56144	-3.091547	2.269197
-7.84856	1.935452	0.056941
-7.785386	-0.034872	1.660092
-5.068839	-2.972404	3.820169
-5.636542	2.911004	-1.305629
-6.557022	2.751478	-1.669898
-7.368402	-1.158362	2.532226
-7.852853	1.031789	0.844441
-6.446929	2.921993	0.908806
-6.277294	1.587733	2.91391
-6.031352	0.749138	3.965906
-6.509451	2.329194	1.893348
-4.558929	-2.076028	4.534202
-5.054416	-1.273975	4.604852
-2.589723	-2.33571	2.646654
-2.387023	-2.221118	2.148695
-5.071423	-1.582079	0.083752
-4.323009	-2.800109	0.864278
-6.980061	3.087364	-0.158892
-6.632205	3.459746	-0.691369
-7.446797	2.573564	-0.819401
-3.247435	-1.026639	0.958748
-2.508399	-1.082074	2.134625
-2.814716	-1.220639	1.377791
-2.465181	-1.326716	1.798433
-2.739568	-0.507832	2.718292
-3.653233	-0.369374	3.805895
-3.190761	-0.292959	3.275681
-4.885472	0.556938	3.901226
-4.24098	-0.043439	3.822185
-3.716727	0.152531	3.0237
-4.23002	0.558428	2.751705
-3.259903	-0.200721	2.233305
-3.692473	0.364943	1.971959
-3.077665	-0.582391	1.72663
-3.467561	-0.234892	1.336308
-5.119913	2.671256	0.062277
-4.910758	1.82711	-0.971278
-5.507242	2.848556	0.514215
-4.990922	2.281116	-0.59038
-5.817111	2.739056	1.027131
-4.611777	1.241851	-0.533995
-5.715931	2.339695	1.524091
-5.087733	2.232729	1.046886
-4.70586	2.042382	0.538408
-4.596587	1.650908	-0.024072
-4.219725	0.43634	-0.005639
-4.368815	1.477255	1.003477
-4.779515	1.690992	1.648703
-5.519003	1.704252	2.481615
-4.180059	1.025062	0.505929
-5.219717	1.095025	3.290516
-4.50097	1.130212	2.323722
-4.015718	0.936614	1.468352
-3.852954	0.415587	0.930104
-3.779641	-0.343807	0.522028
-4.990167	3.721094	1.458913
-1.10334	-0.51718	3.544688
0.197634	-0.584135	1.72206
-1.351998	-1.700302	1.201232
0.155002	0.454884	0.906957
-4.638523	3.057519	3.361904
-2.741916	3.077076	-1.532752
-1.845875	-1.739641	0.935069
-3.409929	3.303904	2.996571
-1.631193	-1.424701	2.387828
-3.072161	0.347825	7.372669
-4.613428	0.157041	6.750725
-3.744546	-0.597958	6.215916
-1.285728	-1.071677	3.172205
-1.522526	1.442238	5.757557
-4.076205	2.021005	5.564736
-0.036074	0.441395	3.424371
-4.601983	3.962631	0.575345
-0.789187	-0.036834	3.683777
-2.767095	-0.428863	6.822286
-3.114074	-0.636614	6.382889
-1.340948	0.836317	4.431242
-2.635465	2.482392	5.387738
-2.661624	-0.024315	7.105618
-3.858614	0.513749	7.279318
-4.335988	-0.538129	6.154378
-0.311749	1.336125	0.045597
-4.423169	2.556668	4.616928
-3.00774	2.896656	4.26485
-0.985459	2.723426	2.532642
-4.890266	3.336148	2.329967
-3.92187	3.590327	1.920887
-1.20893	2.034277	-0.688897
-3.586869	3.647225	0.004664
-2.802326	3.619114	0.669541
-2.142929	2.551509	-1.26391
-1.810971	-1.320859	2.538369
-3.669053	0.302751	-0.959375
-4.157988	1.256925	-1.502476
-2.921753	-0.64448	-0.408176
-2.214064	-1.460407	0.191137
-4.480234	2.474514	-1.789749
-1.785593	3.255799	1.638791
-1.680438	-0.773272	3.386815
-2.073247	-0.024578	3.945807
-5.767571	3.499179	1.078626
0.980822	1.678258	1.974465
-5.666859	2.447357	3.233379
0.630652	0.097726	2.814613
-5.048724	3.694345	-0.590205
-5.526796	3.830363	0.478936
0.235966	2.350957	1.130617
-5.348891	1.618952	4.344394
-2.041166	3.285864	-0.547978
-5.769701	2.940588	2.125616
-2.951363	3.58648	-1.060906
-2.964765	0.106989	4.468669
-0.81593	2.892131	0.224914
-4.945021	3.326053	-1.556262
-4.174481	-0.217021	4.896567
-5.218885	0.641642	5.389311
-1.684361	-1.734579	1.714348
-1.884076	-1.685316	1.73589
-2.259451	-0.811648	1.142366
-2.052501	-0.668993	2.046966
-2.502957	-0.541222	0.605495
-1.97978	-0.986768	1.576671
-2.323942	-0.113634	2.780784
-2.636616	0.402025	3.44432
-3.127006	0.386163	4.025907
-3.789047	0.579998	4.102009
-4.41994	1.080721	4.092009
-3.240079	0.581747	3.117718
-3.720691	1.06625	2.850467
-2.762315	0.208383	2.287439
-3.052548	0.747742	1.900868
-2.458284	-0.163089	1.711854
-2.871922	0.294553	1.261683
-4.314707	2.257385	-0.986663
-5.188697	3.177366	1.113344
-4.425139	3.04739	0.026895
-4.948724	3.290285	0.633052
-4.371807	2.701134	-0.710088
-3.913892	1.676567	-0.791429
-5.100517	2.811783	1.650092
-3.924689	2.215534	-0.192251
-4.05679	2.617808	0.482776
-4.528687	2.741046	1.111344
-3.549968	0.948361	-0.307726
-3.719343	2.045077	1.009189
-4.24078	2.151592	1.75408
-5.016247	2.265155	2.637001
-3.630037	1.566799	0.306002
-4.790851	1.67244	3.448497
-4.006452	1.622243	2.428212
-3.388449	1.418165	1.569942
-3.236799	0.926064	0.837097
-3.014842	0.129263	0.189513
-1.909135	0.854231	5.572455
-3.691638	1.483978	6.476068
-4.873255	0.504702	5.981855
-3.50966	-0.067094	5.303614
-2.511249	1.843637	6.663502
-4.312206	-0.03952	5.520249
-2.581149	3.338981	2.407257
-3.265165	3.609776	1.40541
-1.900714	2.891892	3.504063
-3.913445	3.737467	0.749888
-1.320024	2.323581	4.708228
-0.207026	2.127977	3.593919
0.85554	1.043478	2.782055
0.402038	-0.117362	1.459361
-1.009315	-0.494506	0.236704
-2.498325	1.062334	-0.920156
-1.703663	0.261428	-0.299874
-3.093422	1.900476	-1.393378
-0.327909	-1.266515	1.249735
-3.614683	2.839946	-1.830638
-3.963071	3.661851	-1.388
-4.377411	3.79633	-0.466634
-0.532119	-0.986573	0.803105
-0.175566	1.54746	4.143629
-4.214118	3.632577	1.302712
-2.559297	0.31152	5.129878
-5.596539	-0.800675	-1.159009
-8.101864	0.926777	3.033529
-8.204963	-1.25644	0.574553
-4.538007	-0.334358	-1.340972
-6.931001	-1.403441	-0.695742
-7.734938	-2.468752	1.373127
-3.793679	-1.287709	-0.68037
-6.343607	-2.746526	0.081809
-7.742014	-0.211741	4.073268
-6.014822	0.288239	-1.738945
-8.182399	1.901324	1.922912
-8.314931	-0.081217	0.001957
-5.016313	0.636875	-1.961454
-7.318596	-0.246319	-1.24371
-8.584446	-0.2458	1.898043
-8.113408	-1.536472	2.876126
-8.731901	0.963222	1.004924
-5.049822	-1.989221	-0.578245
-6.428907	1.418183	-2.19553
-8.0571	2.814462	0.752624
-8.351645	0.976521	-0.572572
-5.409882	1.792743	-2.396488
-7.691793	1.209878	-1.746234
-8.622423	1.993661	-0.081284
-5.872843	3.201638	-1.984265
-6.870555	3.027271	-1.920171
-7.670229	3.485845	-0.334439
-7.026359	3.723598	-1.00982
-8.006834	2.827009	-1.309579
-7.025989	3.322283	1.172478
-6.858468	1.748307	3.495429
-6.610008	0.826558	4.506436
-7.136198	2.555787	2.436573
-5.079212	3.951676	1.536062
-4.761636	3.336114	3.593589
-2.63712	3.079398	-1.779081
-3.336908	3.563929	3.154678
-4.648861	4.246342	0.606704
-0.050374	1.282919	-0.1994
-4.54951	2.863967	4.873672
-2.921751	3.174989	4.47169
-0.789007	3.045921	2.629587
-4.999163	3.572207	2.555155
-3.840859	3.846762	2.057283
-0.956704	1.95047	-0.972268
-3.457698	4.048167	0.054049
-2.652448	3.916167	0.785497
-1.911081	2.506824	-1.537732
-3.533987	0.140367	-1.246255
-3.99582	1.179626	-1.7579
-2.814885	-0.734651	-0.644721
-4.354609	2.501664	-2.058193
-1.621586	3.556257	1.666465
-5.80061	2.6755	3.451446
0.539589	2.464871	1.066312
-5.523024	1.838381	4.584175
-1.798194	3.51934	-0.640846
-5.911921	3.254425	2.340184
-2.733729	3.813761	-1.200843
-0.535072	3.056302	0.185393
-5.12883	4.126281	-0.724885
-4.876129	3.705588	-1.836182
-1.039324	-0.59972	3.65061
-2.708755	-2.363089	4.187197
-3.787052	-2.299935	4.610667
-2.300322	-2.291265	3.266877
-1.603389	-1.570775	2.483058
-2.67601	-2.206812	4.191661
-3.789545	-1.714504	4.977224
-3.703619	-0.751065	6.1106
-1.268295	-1.130504	3.301581
-1.602509	-2.271182	3.735769
-2.528594	-2.272218	4.494465
-3.519391	-1.817742	5.113086
-3.467445	-0.884797	5.028985
-1.795457	-1.344457	4.155453
-1.773728	-1.268481	3.501999
-3.718579	-0.695954	4.557264
-2.421234	-0.501467	4.063729
-0.707939	-0.132244	3.833863
-2.632432	-0.487399	6.754153
-3.072209	-0.769395	6.351677
-1.216895	0.750681	4.569654
-4.491183	-0.490297	6.0113
-2.292353	-0.507085	4.355091
-2.104146	-1.937101	3.111832
-1.788481	-1.520155	2.610233
-1.606009	-0.918199	3.476059
-2.03739	-0.189256	4.08498
-4.504173	-0.712293	4.947207
-2.951011	-0.030602	4.650061
-4.289484	-0.36111	5.1145
-4.538454	-2.186187	4.920786
-5.006201	-1.453479	5.02712
-2.239591	-2.502808	2.692469
-1.69155	-1.927297	1.733813
-1.926102	-2.284801	2.083079
-1.835226	-1.910187	1.716306
-1.307363	-1.883825	1.1939
-2.432293	-2.924234	2.209024
-1.779308	-1.910574	0.786057
-2.258671	-2.347069	0.893645
-4.790517	0.255614	6.653812
-5.255747	-2.576679	4.916392
-6.810011	-1.476331	4.912051
-6.085652	-0.272395	5.19772
-5.476513	0.536366	5.536508
-2.870124	-3.144068	1.897806
-4.320597	-4.064968	2.347826
-4.82511	-3.950439	3.018997
-7.04029	-2.625953	3.708095
-6.617622	-3.651275	2.30166
-5.398385	-3.997298	1.022405
-2.873635	-2.241347	0.02505
-3.401	-3.59532	1.887821
-5.531039	-3.505928	4.049331
-4.209413	-3.315488	0.435431
0.445109	-0.637464	1.645588
0.40572	0.407238	0.693813
-0.015363	1.561045	4.368451
0.104646	0.379174	3.642603
-2.036205	-1.653927	-0.028565
1.303285	1.795795	1.957586
0.83672	0.043338	2.983825
-3.101256	0.532482	7.528275
-4.088201	2.285738	5.876509
-2.530032	2.775846	5.553971
-2.504633	-0.035862	7.131205
-3.945188	0.667869	7.401416
-1.796489	0.75078	5.571542
-3.391467	-0.11313	5.171974
-2.516839	0.132564	5.121572
-4.379027	-0.179459	5.502032
-3.69494	1.718065	6.729259
-5.155014	0.514935	6.050732
-2.458023	2.024289	6.855068
-1.339955	1.582418	5.848189
0.643259	-0.200481	1.380271
1.092487	1.02048	2.953526
0.047238	2.438853	3.740847
-1.185697	2.564725	4.882232
-1.811544	3.123984	3.618325
-2.471523	3.59537	2.476527
-3.214597	3.858725	1.488996
-5.662899	4.11691	0.430287
-3.821417	4.05983	0.792299
-6.625558	3.777898	0.191042
-6.055586	3.947275	-0.791849
-5.946659	3.730914	1.413145
-1.50027	0.105627	-0.609877
-0.781784	-0.653148	-0.074151
-2.33356	0.960111	-1.168528
-2.943563	1.789706	-1.62653
-3.568841	2.857488	-2.02388
-4.312343	4.065766	-0.481194
-3.849323	3.919535	-1.529259
-0.223684	-1.400527	1.090268
-0.394614	-1.135218	0.601045
-4.154273	3.945375	1.38058